# POS,AA,rate,%gap
1 K 0.5540908121986151 0.1746987951807229
2 S 0.5744462583099397 0.10240963855421686
3 L 0.288899069797671 0.060240963855421686
4 N 0.466247928811923 0.05421686746987952
5 D 0.5739376844500457 0.04819277108433735
6 S 0.5115899620117241 0.04819277108433735
7 E 0.3235205827983273 0.04216867469879518
8 R 0.5735494522739019 0.04216867469879518
9 N 0.5165295623936357 0.03614457831325301
10 A 0.08994351935957298 0.024096385542168676
11 I 0.20486473655518334 0.012048192771084338
12 R 0.5686517660441623 0.012048192771084338
13 Q 0.5046578104164643 0.012048192771084338
14 Y 0.026661440763561993 0.012048192771084338
15 T 0.18097111358342058 0.012048192771084338
16 G 0.5167327337088418 0.06626506024096386
17 N 0.6713232762079717 0.018072289156626505
18 D 0.48004815567824943 0.006024096385542169
19 Y 0.17311153863659273 0.0
20 K 0.5941316572980484 0.0
21 K 0.615086508994102 0.0
22 I 0.24942073304617587 0.0
23 N 0.10565262730156308 0.0
24 N 0.598163836527857 0.0
25 Y 0.30576936689773504 0.0
26 L 0.2644018142281619 0.0
27 R 0.1899791748782651 0.25301204819277107
28 G 0.32777952666017157 0.19879518072289157
29 V 0.5603037787097616 0.1566265060240964
30 N 0.33608813814239824 0.13855421686746988
31 D 0.31413219332716835 0.13855421686746988
32 S 0.38675910232834165 0.13855421686746988
33 L 0.34258490109481965 0.1746987951807229
34 D 0.19991495084764604 0.1686746987951807
35 G 0.405651200331527 0.13253012048192772
36 I 0.5586584879458718 0.13253012048192772
37 D 0.3056901045457746 0.13253012048192772
38 P 0.43671550917917856 0.12650602409638553
39 K 0.3273600605012496 0.12650602409638553
40 I 0.47416573530434747 0.6506024096385542
41 I 0.3170061088366687 0.6566265060240963
42 E 0.5208380504769738 0.6566265060240963
43 D 0.5077546863986778 0.012048192771084338
44 I 0.20524017757777208 0.012121212121212121
45 K 0.6282429180512406 0.21084337349397592
46 S 0.5195815502127942 0.1746987951807229
47 G 0.4401361517550144 0.18072289156626506
48 L 0.41406787128251876 0.2289156626506024
49 K 0.7251156260803353 0.21084337349397592
50 K 0.47412422970778845 0.14457831325301204
51 A 0.5246027806004114 0.16265060240963855
52 S 0.5066366165253526 0.22289156626506024
53 V 0.6577663544728283 0.5662650602409639
54 P 0.5495957878870924 0.5662650602409639
55 H 0.5776455395433967 0.3614457831325301
56 D 0.5882976737884467 0.463855421686747
57 M 0.5100074854282844 0.5963855421686747
58 K 0.47884697620551375 0.39156626506024095
59 V 0.20122026906957763 0.006024096385542169
60 Y 0.15428032823025523 0.006024096385542169
61 R 0.176211363404195 0.006024096385542169
62 G 0.18356722328575792 0.9518072289156626
63 T 0.23889616048629264 0.9518072289156626
64 D 0.13562815480189805 0.9518072289156626
65 L 0.336478715263792 0.9518072289156626
66 N 0.21760912312902497 0.9578313253012049
67 P 0.17464497244623117 0.04216867469879518
68 L 0.4420701957001737 0.05421686746987952
69 R 0.6230291321551398 0.6204819277108434
70 N 0.5114772645375856 0.6506024096385542
71 L 0.5204628347007735 0.7650602409638554
72 I 0.5569394957758269 0.8132530120481928
73 D 0.2355838774052347 0.9216867469879518
74 V 0.2530427483573213 0.9397590361445783
75 G 0.15475850691002963 0.963855421686747
76 K 0.17482413151695309 0.963855421686747
77 D 0.6003453488395891 0.024096385542168676
78 G 0.6040437533209688 0.060240963855421686
79 S 0.6455406927050564 0.024096385542168676
80 L 0.6243389656257696 0.024096385542168676
81 D 0.5634867469330003 0.04216867469879518
82 F 0.6367111812653685 0.13253012048192772
83 S 0.5751813968243351 0.2469879518072289
84 S 0.559033234813341 0.024096385542168676
85 L 0.6637162449932617 0.006024096385542169
86 V 0.477366079230843 0.018072289156626505
87 G 0.18507466456382765 0.006024096385542169
88 K 0.49178683970465553 0.012048192771084338
89 T 0.56924024265894 0.10240963855421686
90 F 0.31691360782191147 0.024096385542168676
91 K 0.39070484742984923 0.0
92 D 0.24869679246778967 0.0
93 D 0.34029868667774493 0.0
94 G 0.40719591733048655 0.0
95 F 0.04598968361363033 0.0
96 M 0.3694585017964883 0.0
97 S 0.10699961192046481 0.0
98 T 0.2237129397189099 0.0
99 A 0.1419377939384089 0.0
100 L 0.48043604860030187 0.0
101 V 0.4880145209497505 0.030120481927710843
102 K 0.4840712211367857 0.030120481927710843
103 E 0.5758584550131317 0.030120481927710843
104 S 0.4204789400701543 0.030303030303030304
105 S 0.23142624827672575 0.030120481927710843
106 F 0.6582196631259494 0.5963855421686747
107 D 0.4557404509456817 0.5662650602409639
108 Y 0.617286999496274 0.5843373493975904
109 M 0.5247579145621293 0.04819277108433735
110 N 0.5674118728139044 0.04819277108433735
111 V 0.3325090746250751 0.024096385542168676
112 S 0.3996618546783158 0.024096385542168676
113 W 0.1350718386460915 0.024096385542168676
114 E 0.49822208521486444 0.024096385542168676
115 I 0.18143262691993178 0.024096385542168676
116 N 0.5699135752191006 0.024096385542168676
117 V 0.3544581573705422 0.0783132530120482
118 P 0.2926853372712661 0.08433734939759036
119 K 0.5253198928135554 0.7168674698795181
120 G 0.5371591082859914 0.21212121212121213
121 T 0.44373596001030013 0.8433734939759037
122 E 0.3872117934199798 0.8795180722891566
123 A 0.11739956816885712 0.012048192771084338
124 A 0.27161175125662473 0.012048192771084338
125 Y 0.44736347038278035 0.012121212121212121
126 V 0.17503232016903156 0.012048192771084338
127 S 0.48169739040986903 0.012048192771084338
128 K 0.582659845055049 0.012048192771084338
129 I 0.28270712110169643 0.006024096385542169
130 S 0.1713270611769757 0.006024096385542169
131 Y 0.5896941740325052 0.006024096385542169
132 F 0.3537484608122894 0.0963855421686747
133 P 0.40374413760323313 0.0963855421686747
134 D 0.5390890979703667 0.10843373493975904
135 E 0.09494066226941497 0.006024096385542169
136 A 0.4203736144160322 0.006024096385542169
137 E 0.07051495368118078 0.006024096385542169
138 L 0.2003819418911799 0.03614457831325301
139 L 0.07519846499562695 0.03614457831325301
